0    0    0.9239319333564391    0.7377587980339948   3.6957277334257563    0.17335897435897435
0    1    0.8286175743441241    0.7371123673518366   3.3144702973764963    0.18453571428571428
0    2    0.8553474814517729    0.735179170678947   3.4213899258070914    0.1732608695652174
0    3    0.8482380138705528    0.7358767086728788   3.392952055482211    0.17851851851851852
1    4    0.7234838701956671    6.83297880417145   -4.417605512778533    10.174589743589742
1    5    0.7334332693780298    42.09045549637927   -57.20195016705679    18.56966666666667
1    6    0.334397952323705    65.45625282561112   -93.84678742912186    1.3866666666666665
2    7    0.11278207710631347    52.010895626511136   -74.56521513134143    0.10109999999999998
2    8    0.12313712324780862    37.14313331391145   -52.22215147787595    0.0731
2    9    0.14639780784949152    22.231492546807385   -29.76164758881311    0.06343333333333333
3    10    0.37079281961424815    6.195971051053675   -5.225204060855826    0.20314285714285715
3    11    0.4829972593544022    0.868920841936017   1.9319890374176087    0.15342857142857144
3    12    0.4652619640426153    0.8716034093621455   1.861047856170461    0.18642857142857142
3    13    0.4349125133729541    0.8720737828895884   1.7396500534918165    0.18807142857142858
3    14    0.5813163701377986    0.8695016548248954   2.3252654805511943    0.16285714285714284
3    15    0.507994892690116    0.8702051994733162   2.031979570760464    0.16907142857142854
3    16    0.7721128712557283    0.8710567852609594   3.088451485022913    0.18135714285714283
3    17    0.674333626958601    0.8740340304820393   2.697334507834404    0.19833333333333336
3    18    0.6963723839386267    0.8731478101306341   2.7854895357545066    0.18980000000000002
3    19    0.5461225106449563    0.8731806254080213   2.1844900425798253    0.20249999999999999
3    20    0.7198521488626531    1.3704655487715383   2.8794085954506126    5.046785714285716
3    21    0.6101213940878358    0.8725157290985602   2.4404855763513433    0.19714285714285715
3    22    0.5350312063354802    0.8730060015916706   2.1401248253419207    0.19086666666666666
3    23    0.6378822874522566    0.8724770163981702   2.5515291498090265    0.18366666666666667
3    24    0.5514444212230074    0.8716082861933804   2.2057776848920296    0.17620000000000002
