0    0    0.9239319333564391    0.7374055506177589   3.6957277334257563    0.17335897435897435
0    1    0.8286175743441241    0.7366285380119432   3.3144702973764963    0.18453571428571428
0    2    0.8553474814517729    0.7344144498927293   3.4213899258070914    0.1732608695652174
0    3    0.8482380138705528    0.73577451645219   3.392952055482211    0.17851851851851852
1    4    0.7234838701956671    6.706185864761114   -4.227408781017194    10.174589743589742
1    5    0.7334332693780298    38.25115122783303   -51.442993764237436    18.56966666666667
1    6    0.334397952323705    58.35966269702115   -83.20190223623692    1.3866666666666665
2    7    0.11278207710631347    44.86992162738763   -63.85375413265622    0.10109999999999998
2    8    0.12313712324780862    29.99742883036246   -41.503594752552445    0.0731
2    9    0.14639780784949152    15.086101516540367   -19.043561043412577    0.06343333333333333
3    10    0.37079281961424815    2.0735990362261822   0.27269319182973467    0.20314285714285715
3    11    0.4829972593544022    0.8684226558889675   1.9319890374176087    0.15342857142857144
3    12    0.4652619640426153    0.8716536993658873   1.861047856170461    0.18642857142857142
3    13    0.4349125133729541    0.8716334309957493   1.7396500534918165    0.18807142857142858
3    14    0.5813163701377986    0.8692206719568308   2.3252654805511943    0.16285714285714284
3    15    0.507994892690116    0.8701767814315124   2.031979570760464    0.16907142857142854
3    16    0.7721128712557283    0.8715424666888225   3.088451485022913    0.18135714285714283
3    17    0.674333626958601    0.8734801444043417   2.697334507834404    0.19833333333333336
3    18    0.6963723839386267    0.8728507074572841   2.7854895357545066    0.18980000000000002
3    19    0.5461225106449563    0.873459270975502   2.1844900425798253    0.20249999999999999
3    20    0.5822459683173967    0.8735608614458751   2.328983873269587    0.20478571428571432
3    21    0.6101213940878358    0.8721753521234875   2.4404855763513433    0.19714285714285715
3    22    0.5350312063354802    0.8731385186832995   2.1401248253419207    0.19086666666666666
3    23    0.6378822874522566    0.8723185766376446   2.5515291498090265    0.18366666666666667
3    24    0.5514444212230074    0.8720285532754588   2.2057776848920296    0.17620000000000002
