0    0    0.9239319333564391    0.7360986841933952   3.6957277334257563    0.17335897435897435
0    1    0.8286175743441241    0.7358937003947627   3.3144702973764963    0.18453571428571428
0    2    0.8553474814517729    0.7332113889453563   3.4213899258070914    0.1732608695652174
0    3    0.8482380138705528    0.7343635291003099   3.392952055482211    0.17851851851851852
1    4    0.7234838701956671    5.481683053291963   -2.3908175903370394    10.174589743589742
1    5    0.7334332693780298    34.83821855901594   -46.3235947610118    18.56966666666667
1    6    0.334397952323705    53.77842547379379   -76.33004640139588    1.3866666666666665
2    7    0.11278207710631347    39.94596259698202   -56.4678155870478    0.10109999999999998
2    8    0.12313712324780862    25.04528878468346   -34.07538468403394    0.0731
2    9    0.14639780784949152    10.11486919750416   -11.586712564858264    0.06343333333333333
3    10    0.37079281961424815    0.9455841338886201   1.4831712784569926    0.20314285714285715
3    11    0.4829972593544022    0.8678626206443677   1.9319890374176087    0.15342857142857144
3    12    0.4652619640426153    0.8703844661452048   1.861047856170461    0.18642857142857142
3    13    0.4349125133729541    0.8705243169471666   1.7396500534918165    0.18807142857142858
3    14    0.5813163701377986    0.868489745738738   2.3252654805511943    0.16285714285714284
3    15    0.507994892690116    0.8691078691889028   2.031979570760464    0.16907142857142854
3    16    0.7721128712557283    0.8695328453924276   3.088451485022913    0.18135714285714283
3    17    0.674333626958601    0.8726560635865174   2.697334507834404    0.19833333333333336
3    18    0.6963723839386267    0.8715529640565365   2.7854895357545066    0.18980000000000002
3    19    0.5461225106449563    0.8706992982856637   2.1844900425798253    0.20249999999999999
3    20    0.7198521488626531    1.323461969323294   2.8794085954506126    5.046785714285716
3    21    0.6101213940878358    0.8696138060962701   2.4404855763513433    0.19714285714285715
3    22    0.5350312063354802    0.8716898617117143   2.1401248253419207    0.19086666666666666
3    23    0.6378822874522566    0.8707383728428947   2.5515291498090265    0.18366666666666667
3    24    0.5514444212230074    0.8699829587540535   2.2057776848920296    0.17620000000000002
