0    0    0.9239319333564391    0.7316272235182237   3.6957277334257563    0.17335897435897435
0    1    0.8286175743441241    0.7306059973928924   3.3144702973764963    0.18453571428571428
0    2    0.8553474814517729    0.7287446830222823   3.4213899258070914    0.1732608695652174
0    3    0.8482380138705528    0.7300275470745503   3.392952055482211    0.17851851851851852
1    4    0.7234838701956671    2.2305065088873297   2.4790727665436383    10.174589743589742
1    5    0.7334332693780298    14.184886504189063   -15.382224643799562    18.56966666666667
1    6    0.6508852078990968    23.140742602272027   -29.107573071811654    8.605851851851853
2    7    0.11278207710631347    14.589770322994163   -18.433527176065983    0.10109999999999998
2    8    0.12313712324780862    2.56758560486058   -0.731612503060465    0.0731
2    9    0.14639780784949152    1.600296542815227   0.5855912313979661    0.06343333333333333
3    10    0.611663711949426    1.1050943454010524   2.446654847797704    3.5896428571428567
3    11    0.4829972593544022    0.8636419059206365   1.9319890374176087    0.15342857142857144
3    12    0.5661417184492511    1.165496923339536   2.2645668737970044    4.518928571428572
3    13    0.4349125133729541    0.8652894750411113   1.7396500534918165    0.18807142857142858
3    14    0.5813163701377986    0.8641279755440466   2.3252654805511943    0.16285714285714284
3    15    0.507994892690116    0.8642279429585561   2.031979570760464    0.16907142857142854
3    16    0.7721128712557283    0.8649126207747843   3.088451485022913    0.18135714285714283
3    17    0.674333626958601    0.8669271240406033   2.697334507834404    0.19833333333333336
3    18    0.7249844026723463    1.219995528840491   2.8999376106893853    5.3546000000000005
3    19    0.5461225106449563    0.8659457013064704   2.1844900425798253    0.20249999999999999
3    20    0.7227092917197959    1.228101165151088   2.8908371668791837    5.513071428571429
3    21    0.6101213940878358    0.8654434052802945   2.4404855763513433    0.19714285714285715
3    22    0.6134334464986279    0.9779076660074073   2.4537337859945114    1.7018
3    23    0.6378822874522566    0.8663518487968153   2.5515291498090265    0.18366666666666667
3    24    0.5514444212230074    0.8655816439792943   2.2057776848920296    0.17620000000000002
