0    0    0.9239319333564391    0.7317529545754704   3.6957277334257563    0.17335897435897435
0    1    0.8286175743441241    0.7306094235211417   3.3144702973764963    0.18453571428571428
0    2    0.8553474814517729    0.728892971894495   3.4213899258070914    0.1732608695652174
0    3    0.8482380138705528    0.7299978987394137   3.392952055482211    0.17851851851851852
1    4    0.7234838701956671    2.2441841451647027   2.455667914903196    10.174589743589742
1    5    0.7334332693780298    13.681541301950425   -14.625394708606239    18.56966666666667
1    6    0.6508852078990968    22.164664042088244   -27.643455231535974    8.605851851851853
2    7    0.11278207710631347    13.468229541557994   -16.751216003911725    0.10109999999999998
2    8    0.12313712324780862    2.202899432010421   -0.2307593410266186    0.0731
2    9    0.14639780784949152    1.600283843876037   0.5855912313979661    0.06343333333333333
3    10    0.611663711949426    1.101145789445005   2.446654847797704    3.5896428571428567
3    11    0.4829972593544022    0.8635656932455943   1.9319890374176087    0.15342857142857144
3    12    0.5661417184492511    1.1734592383775262   2.2645668737970044    4.518928571428572
3    13    0.4349125133729541    0.8650167648359651   1.7396500534918165    0.18807142857142858
3    14    0.5813163701377986    0.8640725476963586   2.3252654805511943    0.16285714285714284
3    15    0.507994892690116    0.8645045871224235   2.031979570760464    0.16907142857142854
3    16    0.7721128712557283    0.86477966496897   3.088451485022913    0.18135714285714283
3    17    0.674333626958601    0.8672177898185889   2.697334507834404    0.19833333333333336
3    18    0.7244198191077628    1.1576232666787063   2.897679276431051    4.492666666666666
3    19    0.5461225106449563    0.8659744514278843   2.1844900425798253    0.20249999999999999
3    20    0.7227092917197959    1.2328125212590553   2.8908371668791837    5.513071428571429
3    21    0.6101213940878358    0.8655165879008889   2.4404855763513433    0.19714285714285715
3    22    0.6134334464986279    0.9801019233819791   2.4537337859945114    1.7018
3    23    0.6378822874522566    0.8659419565477947   2.5515291498090265    0.18366666666666667
3    24    0.5514444212230074    0.8657293553938871   2.2057776848920296    0.17620000000000002
