0    0    0.9239319333564391    0.731163842880219   3.6957277334257563    0.17335897435897435
0    1    0.8286175743441241    0.7300783723103272   3.3144702973764963    0.18453571428571428
0    2    0.8553474814517729    0.728254047220787   3.4213899258070914    0.1732608695652174
0    3    0.8482380138705528    0.7294104856081245   3.392952055482211    0.17851851851851852
1    4    0.7234838701956671    2.0788425859900976   2.694257406349342    10.174589743589742
0    0    0.9239319333564391    0.7714457637759998   3.6957277334257563    0.17335897435897435
0    1    0.8286175743441241    0.7850795015237162   3.3144702973764963    0.18453571428571428
0    2    0.8553474814517729    0.7565649849798072   3.4213899258070914    0.1732608695652174
0    3    0.8482380138705528    0.7573410037824978   3.392952055482211    0.17851851851851852
1    4    0.551453746313876    5.225813058588997   -3.209719308032534    3.934999999999999
1    5    0.21914219955845132    8.67425397056791   -9.465737729473533    0.14931666666666663
1    6    0.2797683226940754    1.4611755626870655   1.1190732907763017    0.22603703703703706
2    7    0.11278207710631347    1.622538331811003   0.45112830842525387    0.10109999999999998
2    8    0.12313712324780862    1.6160123291621067   0.4925484929912345    0.0731
2    9    0.14639780784949152    1.6136080027916029   0.5855912313979661    0.06343333333333333
3    10    0.37079281961424815    0.892722578261011   1.4831712784569926    0.20314285714285715
3    11    0.4829972593544022    0.8866732620722847   1.9319890374176087    0.15342857142857144
3    12    0.4652619640426153    0.905130907113281   1.861047856170461    0.18642857142857142
3    13    0.4349125133729541    0.909109958951173   1.7396500534918165    0.18807142857142858
3    14    0.5813163701377986    0.9045235754062853   2.3252654805511943    0.16285714285714284
3    15    0.507994892690116    0.8916664758061269   2.031979570760464    0.16907142857142854
3    16    0.7721128712557283    0.905574221579611   3.088451485022913    0.18135714285714283
3    17    0.674333626958601    0.9439863902948673   2.697334507834404    0.19833333333333336
3    18    0.6963723839386267    0.8992038799822087   2.7854895357545066    0.18980000000000002
3    19    0.5461225106449563    0.8954540776911537   2.1844900425798253    0.20249999999999999
3    20    0.5822459683173967    0.9044818256156678   2.328983873269587    0.20478571428571432
3    21    0.6101213940878358    0.8944805842509952   2.4404855763513433    0.19714285714285715
3    22    0.5350312063354802    0.8970451855257352   2.1401248253419207    0.19086666666666666
3    23    0.6378822874522566    0.8997995692526426   2.5515291498090265    0.18366666666666667
3    24    0.5514444212230074    0.8940943247407025   2.2057776848920296    0.17620000000000002
