0    0    0.9239319333564391    0.7317529545754704   3.6957277334257563    0.17335897435897435
0    1    0.8286175743441241    0.7306094235211417   3.3144702973764963    0.18453571428571428
0    2    0.8553474814517729    0.728892971894495   3.4213899258070914    0.1732608695652174
0    3    0.8482380138705528    0.7299978987394137   3.392952055482211    0.17851851851851852
1    4    0.7234838701956671    2.2441841451647027   2.455667914903196    10.174589743589742
1    5    0.7334332693780298    13.681541301950425   -14.625394708606239    18.56966666666667
1    6    0.6508852078990968    22.164664042088244   -27.643455231535974    8.605851851851853
2    7    0.11278207710631347    13.468229541557994   -16.751216003911725    0.10109999999999998
2    8    0.12313712324780862    2.202899432010421   -0.2307593410266186    0.0731
2    9    0.14639780784949152    1.600283843876037   0.5855912313979661    0.06343333333333333
3    10    0.611663711949426    1.101145789445005   2.446654847797704    3.5896428571428567
3    11    0.4829972593544022    0.8635656932455943   1.9319890374176087    0.15342857142857144
3    12    0.5661417184492511    1.1734592383775262   2.2645668737970044    4.518928571428572
3    13    0.4349125133729541    0.8650167648359651   1.7396500534918165    0.18807142857142858
3    14    0.5813163701377986    0.8640725476963586   2.3252654805511943    0.16285714285714284
3    15    0.507994892690116    0.8645045871224235   2.031979570760464    0.16907142857142854
3    16    0.7721128712557283    0.86477966496897   3.088451485022913    0.18135714285714283
3    17    0.674333626958601    0.8672177898185889   2.697334507834404    0.19833333333333336
3    18    0.7244198191077628    1.1576232666787063   2.897679276431051    4.492666666666666
3    19    0.5461225106449563    0.8659744514278843   2.1844900425798253    0.20249999999999999
3    20    0.7227092917197959    1.2328125212590553   2.8908371668791837    5.513071428571429
3    21    0.6101213940878358    0.8655165879008889   2.4404855763513433    0.19714285714285715
3    22    0.6134334464986279    0.9801019233819791   2.4537337859945114    1.7018
3    23    0.6378822874522566    0.8659419565477947   2.5515291498090265    0.18366666666666667
3    24    0.5514444212230074    0.8657293553938871   2.2057776848920296    0.17620000000000002
0    0    0.9239319333564391    0.7650579231874912   3.6957277334257563    0.17335897435897435
0    1    0.8286175743441241    0.7580829645654761   3.3144702973764963    0.18453571428571428
0    2    0.8553474814517729    0.7763258219799426   3.4213899258070914    0.1732608695652174
0    3    0.8482380138705528    0.7652599212329234   3.392952055482211    0.17851851851851852
1    4    0.6771304345418772    17.24600594308313   -20.361827535093685    7.949538461538462
1    5    0.21914219955845132    27.720332227811152   -37.703929543482914    0.14931666666666663
1    6    0.3340893103483964    3.1480400547561525   -0.8200613860873007    1.0886666666666667
2    7    0.11278207710631347    2.878597407675667   -1.1857760114512674    0.10109999999999998
2    8    0.12313712324780862    1.6241626175211314   0.4925484929912345    0.0731
2    9    0.14639780784949152    1.6132885708186795   0.5855912313979661    0.06343333333333333
3    10    0.37079281961424815    0.918492737973671   1.4831712784569926    0.20314285714285715
3    11    0.4829972593544022    0.9007870391181102   1.9319890374176087    0.15342857142857144
3    12    0.4652619640426153    0.9108277660491402   1.861047856170461    0.18642857142857142
3    13    0.4349125133729541    0.9113080500885319   1.7396500534918165    0.18807142857142858
3    14    0.5813163701377986    0.9046578828252336   2.3252654805511943    0.16285714285714284
3    15    0.507994892690116    0.9058933248891695   2.031979570760464    0.16907142857142854
3    16    0.7721128712557283    0.9068279666420754   3.088451485022913    0.18135714285714283
3    17    0.674333626958601    0.9158336281652055   2.697334507834404    0.19833333333333336
3    18    0.6963723839386267    0.9146745863563183   2.7854895357545066    0.18980000000000002
3    19    0.5461225106449563    0.9149985734781987   2.1844900425798253    0.20249999999999999
3    20    0.5822459683173967    0.9214087152318241   2.328983873269587    0.20478571428571432
3    21    0.6101213940878358    0.9181615371443124   2.4404855763513433    0.19714285714285715
3    22    0.5350312063354802    0.9128561528514562   2.1401248253419207    0.19086666666666666
3    23    0.6378822874522566    0.9128621778064371   2.5515291498090265    0.18366666666666667
3    24    0.5514444212230074    0.9083383305048908   2.2057776848920296    0.17620000000000002
